procs -----------memory---------- ---swap-- -----io---- -system-- ----cpu----
 r  b   swpd   free   buff  cache   si   so    bi    bo   in   cs us sy id wa
 1  0   8112  14872   7824 168384    0    0     9     5   99  117  1  1 98  0
 1  0   8112  14848   7824 168384    0    0     0     4  315  255  8  1 92  0
 0  0   8112  14724   7824 168384    0    0     0     0  283  223  6  1 93  0
 0  0   8112  14600   7824 168384    0    0     0     0  287  219  4  2 94  0
 0  0   8112  14476   7824 168388    0    0     0     0  330  243  6  2 92  0
 0  0   8112  14352   7832 168380    0    0     0    36  297  223  6  1 93  0
 0  0   8112  14104   7832 168388    0    0     0     0  280  219  5  1 94  0
 0  0   8112  13856   7832 168388    0    0     0     0  281  260  8  1 91  0
 0  0   8112  13732   7832 168388    0    0     0     0  251  212  5  1 94  0
 0  0   8112  13608   7832 168388    0    0     0     0  263  226  5  1 94  0
 0  0   8112  13484   7832 168388    0    0     0     0  248  208  5  0 95  0
 0  0   8112  13360   7832 168388    0    0     0     0  320  293  6  1 94  0
 0  0   8112  12740   7840 168388    0    0     0    12  264  218  5  1 93  0
 0  0   8112  12616   7840 168388    0    0     0     0  255  214  6  1 94  0
 0  0   8112  12492   7840 168388    0    0     0     0  307  224  6  2 92  0
 0  0   8112  12368   7840 168388    0    0     0     0  263  201  5  2 93  0
 0  0   8112  12244   7840 168388    0    0     0     0  356  297  4  3 93  0
 0  0   8112  12244   7840 168388    0    0     0     0  274  233  5  2 94  0
 0  0   8112  12120   7840 168388    0    0     0     0  264  226  3  2 94  0
 0  0   8112  11996   7840 168388    0    0     0     0  262  231  5  2 94  0
 0  0   8112  11872   7848 168380    0    0     0    12  266  234  7  2 91  0
 0  0   8112  11748   7848 168388    0    0     0     0  283  259  4  3 93  0
 0  0   8112  11624   7848 168388    0    0     0     0  285  227  5  2 93  0
 0  0   8112  11624   7848 168388    0    0     0     0  256  229  4  1 95  0
 0  0   8112  11500   7848 168388    0    0     0     0  252  208  4  2 94  0
 0  0   8112  11376   7848 168388    0    0     0     0  277  241  5  2 93  0
 0  0   8112  11252   7848 168388    0    0     0     4  336  255  7  3 90  0
 0  0   8112  11128   7848 168388    0    0     0     0  240  213  4  2 94  0
 0  0   8112  10880   7856 168388    0    0     0    24  295  257  5  2 92  0
 0  0   8112  10756   7856 168388    0    0     0     0  241  209  5  2 93  0
 0  0   8112  10632   7856 168388    0    0     0     0  252  226  4  2 94  0
 0  0   8112  10632   7856 168388    0    0     0    32  320  272  5  3 92  0
 0  0   8112  10260   7856 168388    0    0     0     0  280  224  4  3 94  0
 0  0   8112  10136   7856 168388    0    0     0     0  273  237  4  1 94  0
 0  0   8112  10012   7856 168388    0    0     0     0  248  217  4  1 95  0
 0  0   8112   9888   7856 168388    0    0     0     0  286  227  4  3 93  0
 0  0   8112   9640   7864 168380    0    0     0    20  334  276  5  2 93  0
 0  0   8112   9516   7864 168388    0    0     0     0  250  209  4  1 94  0
 0  0   8112   9516   7864 168388    0    0     0     0  256  237  3  1 95  0
 0  0   8112   9144   7864 168388    0    0     0     0  265  228  5  3 92  0
 0  0   8112   9144   7864 168388    0    0     0     0  350  275  4  3 93  0
MEDIA
NR:  43 CPU:  6.63415
