procs -----------memory---------- ---swap-- -----io---- -system-- ----cpu----
 r  b   swpd   free   buff  cache   si   so    bi    bo   in   cs us sy id wa
 1  0   9184   7424   7316 168432    0    0     8     6  114  142  1  1 98  0
 2  0   9184   8236   7204 167088    0    0     0    28 3269 8114 17 18 65  0
 0  0   9184   8396   7204 167364    0    0     0     0 3986 8963 15 27 59  0
 0  0   9184   8240   7204 167440    0    0     0    20 3601 8470 20 20 60  0
 0  0   9184   8304   7204 167616    0    0     0     0 3639 8385 24 17 59  0
 1  0   9184   8180   7204 167892    0    0     0     0 3789 8585 23 21 57  0
 1  0   9180   8084   7212 168068    0    0     0    32 3410 8082 22 19 59  0
 0  0   9180   7776   7212 168240    0    0     0     0 3636 8399 22 14 65  0
 0  0   9180   7776   7212 168420    0    0     0     0 3589 8134 20 21 60  0
 0  0   9180   7568   7212 168592    0    0     0     0 3494 8390 18 21 61  0
 1  0   9180   8372   7184 167260    0    0     0     0 3720 9022 19 17 63  0
 6  0   9180   8248   7192 167436    0    0     0    12 3524 8338 19 20 61  0
 1  0   9180   8124   7192 167512    0    0     0     0 3526 8884 19 17 65  0
 2  0   9180   8156   7192 167788    0    0     0     0 3543 8793 20 18 63  0
 0  0   9180   7936   7192 167964    0    0     0     0 3604 8114 17 20 63  0
 0  0   9180   8000   7192 168144    0    0     0     0 3707 8594 18 17 65  0
 2  0   9180   7792   7200 168312    0    0     0    12 3575 8618 17 16 67  0
 1  0   9180   7596   7200 168396    0    0     0     0 3522 8680 15 23 62  0
 4  0   9180   8404   7176 167088    0    0     0     0 3690 7773 14 24 61  0
 0  0   9180   8468   7176 167332    0    0     0     0 3572 8489 18 19 62  0
 1  0   9180   8376   7176 167408    0    0     0     0 3744 8519 17 20 63  0
 2  0   9180   8376   7184 167680    0    0     0    28 3604 8223 15 20 64  0
 0  0   9180   8188   7184 167856    0    0     0     0 3307 8395 16 19 65  0
 5  0   9180   8160   7184 168032    0    0     0  1644 3534 8572 17 17 67  0
 1  0   9180   7940   7184 168200    0    0     0     0 3735 8303 18 20 62  0
 1  0   9180   7848   7184 168380    0    0     0     0 3534 8544 18 21 60  0
 4  0   9180   7756   7192 168556    0    0     0    24 3575 7939 18 21 61  0
 0  0   9180   7472   7192 168636    0    0     0     0 3677 8921 14 22 64  0
 0  0   9180   8312   7052 167552    0    0     0    20 3305 8715 16 16 69  0
 1  0   9180   8220   7052 167688    0    0     0     0 3474 8529 18 18 63  0
 1  0   9180   8064   7052 167764    0    0     0     0 3737 8589 21 18 60  0
 1  0   9180   8128   7060 168044    0    0     0    28 3573 8599 22 13 64  0
 2  0   9180   8128   7060 168208    0    0     0     0 3605 8279 22 17 61  0
 2  0   9180   8004   7060 168392    0    0     0     4 3747 7953 26 17 57  0
 0  0   9180   7660   7060 168568    0    0     0     0 3336 7467 22 14 64  0
 4  0   9180   7600   7060 168732    0    0     0     0 3816 9197 21 15 65  0
 0  0   9180   8404   7040 167344    0    0     0    16 3676 8493 22 18 61  0
 2  0   9180   8376   7040 167576    0    0     0     0 3571 8586 20 17 63  0
 1  0   9180   8312   7040 167656    0    0     0  1956 3513 8145 23 18 58  0
MEDIA
NR:  41 CPU:  36.7949
