procs -----------memory---------- ---swap-- -----io---- -system-- ----cpu----
 r  b   swpd   free   buff  cache   si   so    bi    bo   in   cs us sy id wa
 1  0   9188   7828   7116 168496    0    0     8     6  118  151  1  1 97  0
 0  0   9188   7572   7124 168600    0    0     0    40 3745 8651 20 20 60  0
 0  0   9188   8564   7108 167324    0    0     0     0 3946 9054 17 21 63  0
 3  0   9188   8440   7108 167588    0    0     0     0 4071 9625 15 24 61  0
 4  0   9188   8280   7108 167680    0    0     0     0 3804 8376 17 21 62  0
 0  0   9188   7772   7108 167968    0    0     0     0 3933 8845 22 24 54  0
 4  0   9188   7932   7116 168068    0    0     0    12 3977 9616 16 20 64  0
 3  0   9188   7940   7116 168276    0    0     0     0 3848 9163 13 23 64  0
 0  0   9188   8424   6964 167028    0    0     0     0 3756 8544 13 27 60  0
 2  0   9188   8268   6964 167240    0    0     0    48 3779 9308 19 23 57  0
 0  0   9188   8336   6964 167348    0    0     0     0 3996 9702 18 20 63  0
 0  0   9188   8560   6972 167644    0    0     0    32 3816 9003 15 22 63  0
 3  0   9188   8340   6972 167844    0    0     0     0 3687 9390 15 23 62  0
 4  0   9188   8280   6972 168048    0    0     0     0 3954 9317 16 19 65  0
 4  0   9188   8028   6972 168140    0    0     0     0 3770 8570 15 26 59  0
 1  0   9188   7712   6972 168432    0    0     0     0 3855 8932 18 24 57  0
 3  0   9188   7688   6980 168632    0    0     0    12 4212 9975 18 21 61  0
 0  0   9188   7536   6980 168836    0    0     0     0 3941 8536 17 23 60  0
 1  0   9188   8620   6964 167156    0    0     0     0 3801 8879 15 17 67  0
 2  0   9188   8340   6964 167360    0    0     0     0 4148 9753 13 25 62  0
 4  0   9188   8216   6964 167656    0    0     0     0 3985 8237 16 23 61  0
 1  0   9188   7968   6972 167844    0    0     0    32 4015 8931 15 22 63  0
 1  0   9188   8488   6964 166956    0    0     0     0 3964 8276 15 23 62  0
 0  0   9188   8648   6964 167180    0    0     0     0 3994 9423 13 26 62  0
 1  0   9188   8560   6964 167388    0    0     0   616 4052 9306 17 24 58  0
 1  0   9188   8436   6964 167588    0    0     0     0 3711 9098 12 19 69  0
 3  0   9188   8152   6972 167768    0    0     0    24 3572 9563 18 15 66  0
 1  0   9188   7844   6972 167984    0    0     0     0 4118 9754 15 22 62  0
 0  0   9188   7816   6972 168172    0    0     0     0 3901 8718 15 21 64  0
 2  0   9188   8252   6964 167184    0    0     0  1956 4084 8976 15 22 62  0
 1  0   9188   8100   6964 167204    0    0     0     0 3823 9718 15 23 62  0
 4  0   9188   7976   6972 167492    0    0     0    36 3742 9031 15 23 62  0
 0  0   9188   8072   6972 167596    0    0     0     0 3772 9374 16 20 63  0
 5  0   9188   7728   6972 167888    0    0     0     0 3946 8963 14 28 59  0
 2  0   9188   7604   6972 168088    0    0     0     0 3910 8904 18 20 62  0
 0  0   9188   7672   6972 168296    0    0     0     0 4076 9683 17 22 60  0
 2  0   9188   7416   6980 168384    0    0     0    12 3905 8375 18 25 57  0
 0  0   9204   8068   6980 167144    0   16     0    16 4194 9058 16 24 61  0
 0  0   9204   7912   6980 167248    0    0     0     0 3829 9596 14 29 57  0
 1  0   9204   8044   6980 167548    0    0     0     4 3917 8836 16 23 61  0
MEDIA
NR:  42 CPU:  37.525
