    #Muestra numJDBCCount numHTTPCount     numHTTPQ
           0            5            5          586
           1            5            5          585
           2            5            5          582
           3            5            5          580
           4            5            5          574
           5            5            5          573
           6            4            5          558
           7            4            5          531
           8            5            5          540
           9            5            5          560
          10            5            5          577
          11            5            5          569
          12            4            5          544
          13            5            5          552
          14            4            5          544
          15            5            5          549
          16            4            5          560
          17            4            5          559
          18            4            5          558
          19            5            5          558
          20            5            5          569
          21            5            5          558
          22            5            5          547
          23            5            5          559
          24            5            5          552
          25            5            5          557
          26            5            5          563
          27            5            5          555
          28            5            5          552
          29            5            5          551
          30            3            5          544
          31            4            5          546
          32            5            5          561
          33            5            5          557
          34            5            5          558
          35            5            5          563
          36            4            5          556
          37            3            5          553
          38            4            5          556
          39            5            5          555
          40            3            5          566
          41            5            5          567
          42            5            5          562
          43            5            5          556
          44            5            5          560
          45            5            5          573
          46            5            5          565
          47            5            5          556

TOT.MUESTRAS        MEDIA:
          48      4.66667            5        559.5
