    #Muestra numJDBCCount numHTTPCount     numHTTPQ
           0            3            5          448
           1            5            5          549
           2            5            5          581
           3            5            5          577
           4            4            5          571
           5            4            5          571
           6            5            5          571
           7            5            5          563
           8            5            5          557
           9            5            5          561
          10            5            5          568
          11            5            5          566
          12            5            5          567
          13            5            5          564
          14            5            5          557
          15            5            5          544
          16            5            5          528
          17            5            5          569
          18            4            5          491
          19            5            5          466
          20            4            5          497
          21            4            5          560
          22            4            5          560
          23            5            5          558
          24            5            5          559
          25            5            5          569
          26            5            5          567
          27            4            5          567
          28            4            5          561
          29            5            5          575
          30            5            5          570
          31            5            5          567
          32            5            5          562
          33            5            5          560
          34            5            5          528
          35            4            5          571
          36            5            5          570
          37            4            5          565
          38            5            5          561
          39            4            5          561
          40            5            5          572
          41            5            5          572
          42            4            5          565
          43            5            5          541
          44            5            5          559
          45            5            5          567
          46            4            5          568
          47            5            5          566

TOT.MUESTRAS        MEDIA:
          48       4.6875            5      555.562
