    #Muestra numJDBCCount numHTTPCount     numHTTPQ
           0            4            5          423
           1            3            5          587
           2            4            5          583
           3            4            5          579
           4            5            5          577
           5            5            5          571
           6            4            5          570
           7            5            5          563
           8            5            5          556
           9            4            5          551
          10            5            5          564
          11            4            5          560
          12            5            5          567
          13            5            5          562
          14            5            5          555
          15            3            5          567
          16            4            5          565
          17            5            5          561
          18            5            5          562
          19            4            5          558
          20            3            5          573
          21            3            5          564
          22            5            5          561
          23            5            5          561
          24            5            5          559
          25            4            5          569
          26            2            5          568
          27            5            5          562
          28            5            5          562
          29            5            5          551
          30            4            5          564
          31            5            5          566
          32            5            5          564
          33            4            5          564
          34            5            5          558
          35            5            5          558
          36            5            5          568
          37            4            5          561
          38            5            5          563
          39            5            5          559
          40            5            5          565
          41            4            5          542
          42            5            5          560
          43            5            5          561
          44            5            5          558
          45            5            5          561
          46            4            5          569
          47            5            5          565
          48            5            5          559

TOT.MUESTRAS        MEDIA:
          49       4.4898            5      560.735
