    #Muestra numJDBCCount numHTTPCount     numHTTPQ
           0            5            5          587
           1            5            5          583
           2            5            5          581
           3            5            5          573
           4            5            5          573
           5            5            5          567
           6            5            5          563
           7            3            5          550
           8            5            5          553
           9            4            5          543
          10            5            5          552
          11            4            5          552
          12            4            5          552
          13            5            5          550
          14            5            5          551
          15            5            5          335
          16            5            5          557
          17            5            5          559
          18            4            5          562
          19            5            5          551
          20            5            5          559
          21            5            5          557
          22            5            5          565
          23            4            5          564
          24            5            5          550
          25            5            5          559
          26            4            5          547
          27            5            5          535
          28            5            5          536
          29            4            5          543
          30            4            5          559
          31            4            5          558
          32            4            5          566
          33            5            5          563
          34            5            5          554
          35            5            5          522
          36            4            5          558
          37            5            5          547
          38            4            5          524
          39            4            5          530
          40            4            5          559
          41            5            5          552
          42            5            5          549
          43            4            5          552
          44            4            5          552
          45            4            5          569
          46            5            5          566
          47            5            5          552
          48            3            5          537

TOT.MUESTRAS        MEDIA:
          49      4.57143            5      550.571
