    #Muestra numJDBCCount numHTTPCount     numHTTPQ
           0            4            5            0
           1            2            5            0
           2            5            5            0
           3            2            5            0
           4            1            1            0
           5            1            2            0
           6            4            2            1
           7            2            5            0
           8            3            5            0
           9            2            1            0
          10            1            2            0
          11            4            1            4
          12            5            2            0
          13            2            0            1
          14            3            5            0
          15            5            5            3
          16            3            5            0
          17            5            5            7
          18            2            2            1
          19            2            1            0
          20            4            4            4
          21            1            5            0
          22            5            2            7
          23            4            5            0
          24            2            3            0
          25            3            5            0
          26            4            2            6
          27            1            2            2
          28            4            4            0
          29            5            1            0
          30            2            5            0
          31            5            4            0
          32            0            5            0
          33            2            5            0
          34            5            5            0
          35            3            1            0
          36            1            4            0

TOT.MUESTRAS        MEDIA:
          37      2.94595      3.40541     0.972973
