    #Muestra numJDBCCount numHTTPCount     numHTTPQ
           0            0            0            0
           1            0            0            0
           2            0            0            0
           3            1            1            1
           4            0            1            0
           5            0            1            0
           6            2            1            0
           7            0            3            0
           8            1            1            0
           9            0            0            0
          10            1            0            0
          11            1            1            0
          12            0            0            0
          13            0            1            0
          14            0            0            0
          15            1            0            0
          16            0            0            0
          17            0            0            0
          18            0            0            0
          19            0            1            0
          20            0            2            0
          21            0            0            0
          22            0            1            0
          23            4            4            0
          24            0            0            0
          25            0            0            0
          26            1            2            0
          27            0            0            0
          28            0            0            0
          29            0            0            0
          30            1            0            0
          31            1            1            0
          32            0            0            0
          33            0            0            0
          34            1            1            0
          35            0            2            0
          36            0            0            0
          37            0            1            0

TOT.MUESTRAS        MEDIA:
          38     0.394737     0.657895    0.0263158
