    #Muestra numJDBCCount numHTTPCount     numHTTPQ
           0            5            5           19
           1            4            5           28
           2            4            5            9
           3            4            2            6
           4            5            5           14
           5            5            5           40
           6            5            5            1
           7            4            5            0
           8            5            5           15
           9            4            4            9
          10            5            5            8
          11            3            5           26
          12            2            2            0
          13            5            5            3
          14            1            5            0
          15            5            5            0
          16            3            5           10
          17            4            5           16
          18            1            5            9
          19            4            5           20
          20            2            5            0
          21            5            5            7
          22            1            5            3
          23            4            5           33
          24            5            5           19
          25            3            5            6
          26            5            5           18
          27            3            5            5
          28            5            5            0
          29            5            5           41
          30            4            5            0
          31            5            5           10
          32            5            2           21
          33            5            5           14
          34            4            5           31
          35            5            5           39
          36            3            5            1
          37            4            5           15

TOT.MUESTRAS        MEDIA:
          38      3.97368      4.73684      13.0526
