    #Muestra numJDBCCount numHTTPCount     numHTTPQ
           0            2            2            0
           1            5            3            0
           2            0            3            0
           3            2            4            0
           4            1            1            0
           5            1            5            0
           6            2            3            0
           7            1            5            0
           8            0            1            0
           9            0            2            0
          10            4            2            0
          11            2            3            0
          12            0            5            0
          13            1            1            0
          14            0            1            0
          15            4            2            0
          16            4            1            0
          17            0            5            0
          18            5            0            1
          19            3            0            0
          20            4            1            1
          21            2            1            0
          22            3            0            0
          23            0            3            0
          24            4            2            0
          25            2            2            0
          26            1            2            0
          27            3            5            1
          28            1            2            4
          29            1            4            0
          30            4            2            0
          31            2            4            0
          32            0            5            0
          33            0            1            0
          34            1            4            1
          35            3            4            0
          36            4            2            0
          37            3            1            0

TOT.MUESTRAS        MEDIA:
          38      1.97368      2.47368     0.210526
