    #Muestra numJDBCCount numHTTPCount     numHTTPQ
           0            1            3            0
           1            1            1            0
           2            5            0            0
           3            1            0            0
           4            3            1            0
           5            0            2            0
           6            1            2            0
           7            2            2            0
           8            1            0            0
           9            4            2            0
          10            1            1            1
          11            1            3            0
          12            0            0            0
          13            1            0            0
          14            2            0            0
          15            1            5            0
          16            2            4            0
          17            0            1            0
          18            2            1            0
          19            0            1            0
          20            2            1            0
          21            0            0            0
          22            2            1            0
          23            1            3            0
          24            2            3            0
          25            0            0            0
          26            4            0            0
          27            0            1            1
          28            0            1            0
          29            5            1            0
          30            0            0            0
          31            1            1            0
          32            1            2            0
          33            0            0            0
          34            0            1            0
          35            1            0            0
          36            4            3            0
          37            2            3            0

TOT.MUESTRAS        MEDIA:
          38      1.42105      1.31579    0.0526316
