    #Muestra numJDBCCount numHTTPCount     numHTTPQ
           0            3            5           41
           1            5            5           48
           2            4            5           51
           3            4            5           43
           4            3            5          135
           5            4            5           92
           6            4            5           25
           7            3            5           30
           8            4            5          124
           9            4            5           90
          10            4            5           14
          11            4            5           48
          12            4            5           14
          13            5            5           55
          14            5            5          123
          15            5            5           11
          16            5            5           61
          17            5            5           48
          18            2            5           55
          19            5            5           76
          20            3            2           31
          21            4            5           90
          22            4            5           86
          23            5            5           38
          24            5            5           22
          25            5            5           47
          26            5            5           74
          27            5            5           47
          28            4            5           36
          29            5            5           65
          30            3            5           66
          31            5            5           14
          32            4            5           74
          33            5            5           69
          34            3            5           34
          35            5            5           71
          36            4            5           63
          37            5            5           93
          38            5            5           24

TOT.MUESTRAS        MEDIA:
          39      4.25641      4.92308      57.1282
