    #Muestra numJDBCCount numHTTPCount     numHTTPQ
           0            2            2            1
           1            3            5            0
           2            5            5            4
           3            4            1            4
           4            3            5            0
           5            3            3            0
           6            4            5            0
           7            5            5           23
           8            5            5            3
           9            2            1            3
          10            5            5            3
          11            1            5           14
          12            4            5            4
          13            2            5            8
          14            4            1            0
          15            2            3            8
          16            3            4            3
          17            3            5            5
          18            1            5            6
          19            5            4            0
          20            4            5            0
          21            2            5            2
          22            4            5            0
          23            4            5           12
          24            4            3            8
          25            3            5            1
          26            2            5            0
          27            4            5           30
          28            4            5            0
          29            2            5           10
          30            5            5            4
          31            3            5            0
          32            3            5            0
          33            5            5           11
          34            2            5            1
          35            5            5            0
          36            1            5            4

TOT.MUESTRAS        MEDIA:
          37      3.32432      4.37838      4.64865
