    #Muestra numJDBCCount numHTTPCount     numHTTPQ
           0            7           10          214
           1            9           10          187
           2            7           10          177
           3            4           10          163
           4            9           10          223
           5            9           10           48
           6           10           10           68
           7            9           10          110
           8            9           10          134
           9           10           10           27
          10            9           10           50
          11           10           10          143
          12           10            4           17
          13            7           10           38
          14           10           10          186
          15            9           10            6
          16            9            5            3
          17            8            9            1
          18            4           10            1
          19            4           10           49
          20           10           10           76
          21            0           10           34
          22           10           10            4
          23            8           10            0
          24            3           10           35
          25            1           10           26
          26            6           10            0
          27           10           10           59
          28            6           10            0
          29            9            5            1
          30            9           10           45
          31            8           10           34
          32            8            9            0
          33            4            7            0
          34            8            5            0
          35            4            4           49
          36            8            6            8
          37            2            7            0
          38            6           10           10

TOT.MUESTRAS        MEDIA:
          39      7.25641            9      57.0769
