    #Muestra numJDBCCount numHTTPCount     numHTTPQ
           0            5            5          156
           1            3            5          191
           2            5            5          199
           3            5            5          413
           4            4            5          420
           5            3            5          299
           6            4            5          174
           7            3            5          117
           8            4            5          136
           9            5            5          267
          10            4            5          269
          11            4            5          188
          12            5            5          133
          13            2            5          231
          14            5            5          375
          15            5            5          329
          16            3            5          180
          17            5            5          107
          18            4            5           96
          19            4            5          230
          20            2            5          336
          21            4            5          295
          22            3            5          193
          23            4            5          191
          24            4            5          219
          25            5            5          315
          26            5            5          324
          27            4            5          246
          28            5            5          151
          29            4            5          170
          30            5            5          198
          31            4            5          244
          32            5            5          196
          33            4            5          164
          34            4            5          156
          35            4            5          275
          36            5            5          236
          37            5            5          297
          38            4            5          269
          39            5            5          261

TOT.MUESTRAS        MEDIA:
          40        4.175            5       231.15
